[
        121584,
        121592,
        2479,
        2481
      ],
      [
        123113,
        123117,
        2855,
        2856
      ],
      [
        123256,
        123260,
        2892,
        2893
      ],
      [
        123271,
        123275,
        2897,
        2898
      ],
      [
        123292,
        123297,
        2902,
        2903
      ],
      [
        123569,
        123575,
        2966,
        2967
      ],
      [
        123968,
        123971,
        3067,
        3068
      ],
      [
        124189,
        124193,
        3120,
        3121
      ],
      [
        124276,
        124278,
        3142,
        3143
      ],
      [
        124463,
        124466,
        3190,
        3191
      ],
      [
        124463,
        124470,
        3190,
        3192
      ],
      [
        124640,
        124644,
        3239,
        3240
      ],
      [
        126010,
        126012,
        3594,
        3595
      ],
      [
        126054,
        126057,
        3604,
        3605
      ],
      [
        126174,
        126176,
        3637,
        3638
      ],
      [
        126254,
        126256,
        3652,
        3653
      ],
      [
        126391,
        126393,
        3684,
        3685
      ],
      [
        126450,
        126452,
        3698,
        3699
      ],
      [
        126465,
        126471,
        3701,
        3702
      ],
      [
        126528,
        126530,
        3716,
        3717
      ],
      [
        126540,
        126547,
        3720,
        3721
      ],
      [
        126618,
        126620,
        3740,
        3741
      ],
      [
        126736,
        126742,
        3764,
        3765
      ],
      [
        126752,
        126753,
        3768,
        3769
      ],
      [
        126837,
        126839,
        3789,
        3790
      ],
      [
        126845,
        126847,
        3792,
        3793
      ],